{
 "cells": [
  {
   "cell_type": "markdown",
   "metadata": {},
   "source": [
    "## Part 1: Fundamentals"
   ]
  },
  {
   "cell_type": "markdown",
   "metadata": {},
   "source": [
    "### Fundamental terms in portfolio optimization \n",
    "- (notes from https://www.machinelearningplus.com/machine-learning/portfolio-optimization-python-example/#optimal-risky-portfolio)\n",
    "\n",
    "There are some statistical terms required in optimization process without which an optimal portfolio can’t be defined. Don’t worry, I will simplify it and make it easy and clear.\n",
    "\n",
    "We will go through each one through an example.\n",
    "\n",
    "In this example, we are considering a portfolio made up of stocks from just 2 companies, Tesla and Facebook.\n",
    "\n",
    "Step 1: Pull the stock price data\n",
    "\n",
    "The first step is to is to pull the required data from a verified site such as Yahoo or Quandl. The example below uses Yahoo and the dates for which we will be pulling the data is from 1st January, 2018 to 31st December, 2019."
   ]
  },
  {
   "cell_type": "code",
   "execution_count": 612,
   "metadata": {},
   "outputs": [],
   "source": [
    "# Load Packages\n",
    "import numpy as np\n",
    "import pandas as pd\n",
    "from pandas_datareader import data\n",
    "import matplotlib.pyplot as plt\n",
    "%matplotlib inline"
   ]
  },
  {
   "cell_type": "markdown",
   "metadata": {},
   "source": [
    "# input 1: Tickers"
   ]
  },
  {
   "cell_type": "code",
   "execution_count": 613,
   "metadata": {},
   "outputs": [],
   "source": [
    "# Create a list of tickers\n",
    "tickers = ['TSLA', 'AAPL', 'MSFT', 'ARKK', 'AMZN', 'GOOG', 'NFLX', 'NVDA','FB','SPY','IWM','BABA','V','VOO','ARKQ','ETH-USD', 'BTC-USD']\n",
    "### Input start and end date variables and assign dates \n",
    "startDate='2015/01/01'\n",
    "endDate='2022/10/31'\n",
    "\n",
    "\n"
   ]
  },
  {
   "cell_type": "markdown",
   "metadata": {},
   "source": [
    "### Building an optimal risky portfolio\n",
    "\n",
    "You will learn to calculate the weights of assets for each one. Then, we will calculate the expected returns, minimum variance portfolio, optimal risky portfolio and efficient frontier. You will also learn a new term called Sharpe Ratio.\n",
    "\n",
    "Let’s get started by pulling the required asset data from Yahoo."
   ]
  },
  {
   "cell_type": "markdown",
   "metadata": {},
   "source": [
    "# input 2: Start and end dates"
   ]
  },
  {
   "cell_type": "code",
   "execution_count": 614,
   "metadata": {},
   "outputs": [
    {
     "data": {
      "text/html": [
       "<div>\n",
       "<style scoped>\n",
       "    .dataframe tbody tr th:only-of-type {\n",
       "        vertical-align: middle;\n",
       "    }\n",
       "\n",
       "    .dataframe tbody tr th {\n",
       "        vertical-align: top;\n",
       "    }\n",
       "\n",
       "    .dataframe thead tr th {\n",
       "        text-align: left;\n",
       "    }\n",
       "\n",
       "    .dataframe thead tr:last-of-type th {\n",
       "        text-align: right;\n",
       "    }\n",
       "</style>\n",
       "<table border=\"1\" class=\"dataframe\">\n",
       "  <thead>\n",
       "    <tr>\n",
       "      <th>Attributes</th>\n",
       "      <th colspan=\"10\" halign=\"left\">Adj Close</th>\n",
       "      <th>...</th>\n",
       "      <th colspan=\"10\" halign=\"left\">Volume</th>\n",
       "    </tr>\n",
       "    <tr>\n",
       "      <th>Symbols</th>\n",
       "      <th>TSLA</th>\n",
       "      <th>AAPL</th>\n",
       "      <th>MSFT</th>\n",
       "      <th>ARKK</th>\n",
       "      <th>AMZN</th>\n",
       "      <th>GOOG</th>\n",
       "      <th>NFLX</th>\n",
       "      <th>NVDA</th>\n",
       "      <th>FB</th>\n",
       "      <th>SPY</th>\n",
       "      <th>...</th>\n",
       "      <th>NVDA</th>\n",
       "      <th>FB</th>\n",
       "      <th>SPY</th>\n",
       "      <th>IWM</th>\n",
       "      <th>BABA</th>\n",
       "      <th>V</th>\n",
       "      <th>VOO</th>\n",
       "      <th>ARKQ</th>\n",
       "      <th>ETH-USD</th>\n",
       "      <th>BTC-USD</th>\n",
       "    </tr>\n",
       "    <tr>\n",
       "      <th>Date</th>\n",
       "      <th></th>\n",
       "      <th></th>\n",
       "      <th></th>\n",
       "      <th></th>\n",
       "      <th></th>\n",
       "      <th></th>\n",
       "      <th></th>\n",
       "      <th></th>\n",
       "      <th></th>\n",
       "      <th></th>\n",
       "      <th></th>\n",
       "      <th></th>\n",
       "      <th></th>\n",
       "      <th></th>\n",
       "      <th></th>\n",
       "      <th></th>\n",
       "      <th></th>\n",
       "      <th></th>\n",
       "      <th></th>\n",
       "      <th></th>\n",
       "      <th></th>\n",
       "    </tr>\n",
       "  </thead>\n",
       "  <tbody>\n",
       "    <tr>\n",
       "      <th>2015-01-01</th>\n",
       "      <td>NaN</td>\n",
       "      <td>NaN</td>\n",
       "      <td>NaN</td>\n",
       "      <td>NaN</td>\n",
       "      <td>NaN</td>\n",
       "      <td>NaN</td>\n",
       "      <td>NaN</td>\n",
       "      <td>NaN</td>\n",
       "      <td>NaN</td>\n",
       "      <td>NaN</td>\n",
       "      <td>...</td>\n",
       "      <td>NaN</td>\n",
       "      <td>NaN</td>\n",
       "      <td>NaN</td>\n",
       "      <td>NaN</td>\n",
       "      <td>NaN</td>\n",
       "      <td>NaN</td>\n",
       "      <td>NaN</td>\n",
       "      <td>NaN</td>\n",
       "      <td>NaN</td>\n",
       "      <td>8036550.0</td>\n",
       "    </tr>\n",
       "    <tr>\n",
       "      <th>2015-01-02</th>\n",
       "      <td>14.620667</td>\n",
       "      <td>24.644016</td>\n",
       "      <td>40.926445</td>\n",
       "      <td>18.353800</td>\n",
       "      <td>15.4260</td>\n",
       "      <td>26.168653</td>\n",
       "      <td>49.848572</td>\n",
       "      <td>4.836185</td>\n",
       "      <td>NaN</td>\n",
       "      <td>178.278519</td>\n",
       "      <td>...</td>\n",
       "      <td>11368000.0</td>\n",
       "      <td>NaN</td>\n",
       "      <td>121465900.0</td>\n",
       "      <td>46133100.0</td>\n",
       "      <td>12303400.0</td>\n",
       "      <td>8389600.0</td>\n",
       "      <td>1865000.0</td>\n",
       "      <td>1200.0</td>\n",
       "      <td>NaN</td>\n",
       "      <td>7860650.0</td>\n",
       "    </tr>\n",
       "    <tr>\n",
       "      <th>2015-01-03</th>\n",
       "      <td>NaN</td>\n",
       "      <td>NaN</td>\n",
       "      <td>NaN</td>\n",
       "      <td>NaN</td>\n",
       "      <td>NaN</td>\n",
       "      <td>NaN</td>\n",
       "      <td>NaN</td>\n",
       "      <td>NaN</td>\n",
       "      <td>NaN</td>\n",
       "      <td>NaN</td>\n",
       "      <td>...</td>\n",
       "      <td>NaN</td>\n",
       "      <td>NaN</td>\n",
       "      <td>NaN</td>\n",
       "      <td>NaN</td>\n",
       "      <td>NaN</td>\n",
       "      <td>NaN</td>\n",
       "      <td>NaN</td>\n",
       "      <td>NaN</td>\n",
       "      <td>NaN</td>\n",
       "      <td>33054400.0</td>\n",
       "    </tr>\n",
       "    <tr>\n",
       "      <th>2015-01-04</th>\n",
       "      <td>NaN</td>\n",
       "      <td>NaN</td>\n",
       "      <td>NaN</td>\n",
       "      <td>NaN</td>\n",
       "      <td>NaN</td>\n",
       "      <td>NaN</td>\n",
       "      <td>NaN</td>\n",
       "      <td>NaN</td>\n",
       "      <td>NaN</td>\n",
       "      <td>NaN</td>\n",
       "      <td>...</td>\n",
       "      <td>NaN</td>\n",
       "      <td>NaN</td>\n",
       "      <td>NaN</td>\n",
       "      <td>NaN</td>\n",
       "      <td>NaN</td>\n",
       "      <td>NaN</td>\n",
       "      <td>NaN</td>\n",
       "      <td>NaN</td>\n",
       "      <td>NaN</td>\n",
       "      <td>55629100.0</td>\n",
       "    </tr>\n",
       "    <tr>\n",
       "      <th>2015-01-05</th>\n",
       "      <td>14.006000</td>\n",
       "      <td>23.949760</td>\n",
       "      <td>40.550079</td>\n",
       "      <td>17.911562</td>\n",
       "      <td>15.1095</td>\n",
       "      <td>25.623152</td>\n",
       "      <td>47.311428</td>\n",
       "      <td>4.754503</td>\n",
       "      <td>NaN</td>\n",
       "      <td>175.058868</td>\n",
       "      <td>...</td>\n",
       "      <td>19795200.0</td>\n",
       "      <td>NaN</td>\n",
       "      <td>169632600.0</td>\n",
       "      <td>51141900.0</td>\n",
       "      <td>18337000.0</td>\n",
       "      <td>12751200.0</td>\n",
       "      <td>2734700.0</td>\n",
       "      <td>1300.0</td>\n",
       "      <td>NaN</td>\n",
       "      <td>43962800.0</td>\n",
       "    </tr>\n",
       "  </tbody>\n",
       "</table>\n",
       "<p>5 rows × 102 columns</p>\n",
       "</div>"
      ],
      "text/plain": [
       "Attributes  Adj Close                                                       \\\n",
       "Symbols          TSLA       AAPL       MSFT       ARKK     AMZN       GOOG   \n",
       "Date                                                                         \n",
       "2015-01-01        NaN        NaN        NaN        NaN      NaN        NaN   \n",
       "2015-01-02  14.620667  24.644016  40.926445  18.353800  15.4260  26.168653   \n",
       "2015-01-03        NaN        NaN        NaN        NaN      NaN        NaN   \n",
       "2015-01-04        NaN        NaN        NaN        NaN      NaN        NaN   \n",
       "2015-01-05  14.006000  23.949760  40.550079  17.911562  15.1095  25.623152   \n",
       "\n",
       "Attributes                                       ...      Volume      \\\n",
       "Symbols          NFLX      NVDA  FB         SPY  ...        NVDA  FB   \n",
       "Date                                             ...                   \n",
       "2015-01-01        NaN       NaN NaN         NaN  ...         NaN NaN   \n",
       "2015-01-02  49.848572  4.836185 NaN  178.278519  ...  11368000.0 NaN   \n",
       "2015-01-03        NaN       NaN NaN         NaN  ...         NaN NaN   \n",
       "2015-01-04        NaN       NaN NaN         NaN  ...         NaN NaN   \n",
       "2015-01-05  47.311428  4.754503 NaN  175.058868  ...  19795200.0 NaN   \n",
       "\n",
       "Attributes                                                              \\\n",
       "Symbols             SPY         IWM        BABA           V        VOO   \n",
       "Date                                                                     \n",
       "2015-01-01          NaN         NaN         NaN         NaN        NaN   \n",
       "2015-01-02  121465900.0  46133100.0  12303400.0   8389600.0  1865000.0   \n",
       "2015-01-03          NaN         NaN         NaN         NaN        NaN   \n",
       "2015-01-04          NaN         NaN         NaN         NaN        NaN   \n",
       "2015-01-05  169632600.0  51141900.0  18337000.0  12751200.0  2734700.0   \n",
       "\n",
       "Attributes                              \n",
       "Symbols       ARKQ ETH-USD     BTC-USD  \n",
       "Date                                    \n",
       "2015-01-01     NaN     NaN   8036550.0  \n",
       "2015-01-02  1200.0     NaN   7860650.0  \n",
       "2015-01-03     NaN     NaN  33054400.0  \n",
       "2015-01-04     NaN     NaN  55629100.0  \n",
       "2015-01-05  1300.0     NaN  43962800.0  \n",
       "\n",
       "[5 rows x 102 columns]"
      ]
     },
     "execution_count": 614,
     "metadata": {},
     "output_type": "execute_result"
    }
   ],
   "source": [
    "### Import data ###\n",
    "df = data.DataReader(tickers, 'yahoo', start=startDate, end=endDate)\n",
    "df.head()"
   ]
  },
  {
   "cell_type": "code",
   "execution_count": 615,
   "metadata": {},
   "outputs": [],
   "source": [
    "### Send full df to csv to look at ###\n",
    "df.to_csv('fulldf.csv')"
   ]
  },
  {
   "cell_type": "code",
   "execution_count": 616,
   "metadata": {},
   "outputs": [
    {
     "data": {
      "text/html": [
       "<div>\n",
       "<style scoped>\n",
       "    .dataframe tbody tr th:only-of-type {\n",
       "        vertical-align: middle;\n",
       "    }\n",
       "\n",
       "    .dataframe tbody tr th {\n",
       "        vertical-align: top;\n",
       "    }\n",
       "\n",
       "    .dataframe thead th {\n",
       "        text-align: right;\n",
       "    }\n",
       "</style>\n",
       "<table border=\"1\" class=\"dataframe\">\n",
       "  <thead>\n",
       "    <tr style=\"text-align: right;\">\n",
       "      <th>Symbols</th>\n",
       "      <th>TSLA</th>\n",
       "      <th>AAPL</th>\n",
       "      <th>MSFT</th>\n",
       "      <th>ARKK</th>\n",
       "      <th>AMZN</th>\n",
       "      <th>GOOG</th>\n",
       "      <th>NFLX</th>\n",
       "      <th>NVDA</th>\n",
       "      <th>FB</th>\n",
       "      <th>SPY</th>\n",
       "      <th>IWM</th>\n",
       "      <th>BABA</th>\n",
       "      <th>V</th>\n",
       "      <th>VOO</th>\n",
       "      <th>ARKQ</th>\n",
       "      <th>ETH-USD</th>\n",
       "      <th>BTC-USD</th>\n",
       "    </tr>\n",
       "    <tr>\n",
       "      <th>Date</th>\n",
       "      <th></th>\n",
       "      <th></th>\n",
       "      <th></th>\n",
       "      <th></th>\n",
       "      <th></th>\n",
       "      <th></th>\n",
       "      <th></th>\n",
       "      <th></th>\n",
       "      <th></th>\n",
       "      <th></th>\n",
       "      <th></th>\n",
       "      <th></th>\n",
       "      <th></th>\n",
       "      <th></th>\n",
       "      <th></th>\n",
       "      <th></th>\n",
       "      <th></th>\n",
       "    </tr>\n",
       "  </thead>\n",
       "  <tbody>\n",
       "    <tr>\n",
       "      <th>2015-01-01</th>\n",
       "      <td>NaN</td>\n",
       "      <td>NaN</td>\n",
       "      <td>NaN</td>\n",
       "      <td>NaN</td>\n",
       "      <td>NaN</td>\n",
       "      <td>NaN</td>\n",
       "      <td>NaN</td>\n",
       "      <td>NaN</td>\n",
       "      <td>NaN</td>\n",
       "      <td>NaN</td>\n",
       "      <td>NaN</td>\n",
       "      <td>NaN</td>\n",
       "      <td>NaN</td>\n",
       "      <td>NaN</td>\n",
       "      <td>NaN</td>\n",
       "      <td>NaN</td>\n",
       "      <td>314.248993</td>\n",
       "    </tr>\n",
       "    <tr>\n",
       "      <th>2015-01-02</th>\n",
       "      <td>14.620667</td>\n",
       "      <td>24.644016</td>\n",
       "      <td>40.926445</td>\n",
       "      <td>18.353800</td>\n",
       "      <td>15.4260</td>\n",
       "      <td>26.168653</td>\n",
       "      <td>49.848572</td>\n",
       "      <td>4.836185</td>\n",
       "      <td>NaN</td>\n",
       "      <td>178.278519</td>\n",
       "      <td>107.415863</td>\n",
       "      <td>103.599998</td>\n",
       "      <td>62.883434</td>\n",
       "      <td>163.051773</td>\n",
       "      <td>18.318117</td>\n",
       "      <td>NaN</td>\n",
       "      <td>315.032013</td>\n",
       "    </tr>\n",
       "    <tr>\n",
       "      <th>2015-01-03</th>\n",
       "      <td>NaN</td>\n",
       "      <td>NaN</td>\n",
       "      <td>NaN</td>\n",
       "      <td>NaN</td>\n",
       "      <td>NaN</td>\n",
       "      <td>NaN</td>\n",
       "      <td>NaN</td>\n",
       "      <td>NaN</td>\n",
       "      <td>NaN</td>\n",
       "      <td>NaN</td>\n",
       "      <td>NaN</td>\n",
       "      <td>NaN</td>\n",
       "      <td>NaN</td>\n",
       "      <td>NaN</td>\n",
       "      <td>NaN</td>\n",
       "      <td>NaN</td>\n",
       "      <td>281.082001</td>\n",
       "    </tr>\n",
       "    <tr>\n",
       "      <th>2015-01-04</th>\n",
       "      <td>NaN</td>\n",
       "      <td>NaN</td>\n",
       "      <td>NaN</td>\n",
       "      <td>NaN</td>\n",
       "      <td>NaN</td>\n",
       "      <td>NaN</td>\n",
       "      <td>NaN</td>\n",
       "      <td>NaN</td>\n",
       "      <td>NaN</td>\n",
       "      <td>NaN</td>\n",
       "      <td>NaN</td>\n",
       "      <td>NaN</td>\n",
       "      <td>NaN</td>\n",
       "      <td>NaN</td>\n",
       "      <td>NaN</td>\n",
       "      <td>NaN</td>\n",
       "      <td>264.195007</td>\n",
       "    </tr>\n",
       "    <tr>\n",
       "      <th>2015-01-05</th>\n",
       "      <td>14.006000</td>\n",
       "      <td>23.949760</td>\n",
       "      <td>40.550079</td>\n",
       "      <td>17.911562</td>\n",
       "      <td>15.1095</td>\n",
       "      <td>25.623152</td>\n",
       "      <td>47.311428</td>\n",
       "      <td>4.754503</td>\n",
       "      <td>NaN</td>\n",
       "      <td>175.058868</td>\n",
       "      <td>105.979774</td>\n",
       "      <td>101.000000</td>\n",
       "      <td>61.495350</td>\n",
       "      <td>160.187180</td>\n",
       "      <td>17.795805</td>\n",
       "      <td>NaN</td>\n",
       "      <td>274.473999</td>\n",
       "    </tr>\n",
       "  </tbody>\n",
       "</table>\n",
       "</div>"
      ],
      "text/plain": [
       "Symbols          TSLA       AAPL       MSFT       ARKK     AMZN       GOOG  \\\n",
       "Date                                                                         \n",
       "2015-01-01        NaN        NaN        NaN        NaN      NaN        NaN   \n",
       "2015-01-02  14.620667  24.644016  40.926445  18.353800  15.4260  26.168653   \n",
       "2015-01-03        NaN        NaN        NaN        NaN      NaN        NaN   \n",
       "2015-01-04        NaN        NaN        NaN        NaN      NaN        NaN   \n",
       "2015-01-05  14.006000  23.949760  40.550079  17.911562  15.1095  25.623152   \n",
       "\n",
       "Symbols          NFLX      NVDA  FB         SPY         IWM        BABA  \\\n",
       "Date                                                                      \n",
       "2015-01-01        NaN       NaN NaN         NaN         NaN         NaN   \n",
       "2015-01-02  49.848572  4.836185 NaN  178.278519  107.415863  103.599998   \n",
       "2015-01-03        NaN       NaN NaN         NaN         NaN         NaN   \n",
       "2015-01-04        NaN       NaN NaN         NaN         NaN         NaN   \n",
       "2015-01-05  47.311428  4.754503 NaN  175.058868  105.979774  101.000000   \n",
       "\n",
       "Symbols             V         VOO       ARKQ  ETH-USD     BTC-USD  \n",
       "Date                                                               \n",
       "2015-01-01        NaN         NaN        NaN      NaN  314.248993  \n",
       "2015-01-02  62.883434  163.051773  18.318117      NaN  315.032013  \n",
       "2015-01-03        NaN         NaN        NaN      NaN  281.082001  \n",
       "2015-01-04        NaN         NaN        NaN      NaN  264.195007  \n",
       "2015-01-05  61.495350  160.187180  17.795805      NaN  274.473999  "
      ]
     },
     "execution_count": 616,
     "metadata": {},
     "output_type": "execute_result"
    }
   ],
   "source": [
    "# Closing price\n",
    "df = df['Adj Close']\n",
    "df.head()\n"
   ]
  },
  {
   "cell_type": "markdown",
   "metadata": {},
   "source": [
    "### Covariance and Correlation matrix\n",
    "The first step is to obtain a covariance and correlation matrix to understand how different assets behave with respect to each other. When we had a 2 asset portfolio, we directly plugged in the names of the assets into .cov() and .corr() functions.\n",
    "\n",
    "In this case, we will need a matrix for better visualisation. This is also achieved by using the same 2 functions on our dataframe df.\n",
    "\n",
    "Note that we perform necessary operations to display log change in prices of stocks each day."
   ]
  },
  {
   "cell_type": "code",
   "execution_count": 617,
   "metadata": {},
   "outputs": [
    {
     "data": {
      "text/html": [
       "<div>\n",
       "<style scoped>\n",
       "    .dataframe tbody tr th:only-of-type {\n",
       "        vertical-align: middle;\n",
       "    }\n",
       "\n",
       "    .dataframe tbody tr th {\n",
       "        vertical-align: top;\n",
       "    }\n",
       "\n",
       "    .dataframe thead th {\n",
       "        text-align: right;\n",
       "    }\n",
       "</style>\n",
       "<table border=\"1\" class=\"dataframe\">\n",
       "  <thead>\n",
       "    <tr style=\"text-align: right;\">\n",
       "      <th>Symbols</th>\n",
       "      <th>TSLA</th>\n",
       "      <th>AAPL</th>\n",
       "      <th>MSFT</th>\n",
       "      <th>ARKK</th>\n",
       "      <th>AMZN</th>\n",
       "      <th>GOOG</th>\n",
       "      <th>NFLX</th>\n",
       "      <th>NVDA</th>\n",
       "      <th>FB</th>\n",
       "      <th>SPY</th>\n",
       "      <th>IWM</th>\n",
       "      <th>BABA</th>\n",
       "      <th>V</th>\n",
       "      <th>VOO</th>\n",
       "      <th>ARKQ</th>\n",
       "      <th>ETH-USD</th>\n",
       "      <th>BTC-USD</th>\n",
       "    </tr>\n",
       "    <tr>\n",
       "      <th>Symbols</th>\n",
       "      <th></th>\n",
       "      <th></th>\n",
       "      <th></th>\n",
       "      <th></th>\n",
       "      <th></th>\n",
       "      <th></th>\n",
       "      <th></th>\n",
       "      <th></th>\n",
       "      <th></th>\n",
       "      <th></th>\n",
       "      <th></th>\n",
       "      <th></th>\n",
       "      <th></th>\n",
       "      <th></th>\n",
       "      <th></th>\n",
       "      <th></th>\n",
       "      <th></th>\n",
       "    </tr>\n",
       "  </thead>\n",
       "  <tbody>\n",
       "    <tr>\n",
       "      <th>TSLA</th>\n",
       "      <td>0.000864</td>\n",
       "      <td>0.000198</td>\n",
       "      <td>0.000186</td>\n",
       "      <td>0.000349</td>\n",
       "      <td>0.000203</td>\n",
       "      <td>0.000167</td>\n",
       "      <td>0.000248</td>\n",
       "      <td>0.000314</td>\n",
       "      <td>0.000450</td>\n",
       "      <td>0.000135</td>\n",
       "      <td>0.000162</td>\n",
       "      <td>0.000203</td>\n",
       "      <td>0.000145</td>\n",
       "      <td>0.000136</td>\n",
       "      <td>0.000283</td>\n",
       "      <td>0.000293</td>\n",
       "      <td>0.000158</td>\n",
       "    </tr>\n",
       "    <tr>\n",
       "      <th>AAPL</th>\n",
       "      <td>0.000198</td>\n",
       "      <td>0.000242</td>\n",
       "      <td>0.000161</td>\n",
       "      <td>0.000180</td>\n",
       "      <td>0.000154</td>\n",
       "      <td>0.000144</td>\n",
       "      <td>0.000157</td>\n",
       "      <td>0.000225</td>\n",
       "      <td>0.000334</td>\n",
       "      <td>0.000115</td>\n",
       "      <td>0.000114</td>\n",
       "      <td>0.000129</td>\n",
       "      <td>0.000125</td>\n",
       "      <td>0.000116</td>\n",
       "      <td>0.000145</td>\n",
       "      <td>0.000203</td>\n",
       "      <td>0.000096</td>\n",
       "    </tr>\n",
       "    <tr>\n",
       "      <th>MSFT</th>\n",
       "      <td>0.000186</td>\n",
       "      <td>0.000161</td>\n",
       "      <td>0.000214</td>\n",
       "      <td>0.000177</td>\n",
       "      <td>0.000165</td>\n",
       "      <td>0.000161</td>\n",
       "      <td>0.000164</td>\n",
       "      <td>0.000229</td>\n",
       "      <td>0.000349</td>\n",
       "      <td>0.000115</td>\n",
       "      <td>0.000112</td>\n",
       "      <td>0.000126</td>\n",
       "      <td>0.000133</td>\n",
       "      <td>0.000117</td>\n",
       "      <td>0.000138</td>\n",
       "      <td>0.000207</td>\n",
       "      <td>0.000101</td>\n",
       "    </tr>\n",
       "    <tr>\n",
       "      <th>ARKK</th>\n",
       "      <td>0.000349</td>\n",
       "      <td>0.000180</td>\n",
       "      <td>0.000177</td>\n",
       "      <td>0.000381</td>\n",
       "      <td>0.000196</td>\n",
       "      <td>0.000169</td>\n",
       "      <td>0.000249</td>\n",
       "      <td>0.000315</td>\n",
       "      <td>0.000675</td>\n",
       "      <td>0.000133</td>\n",
       "      <td>0.000174</td>\n",
       "      <td>0.000227</td>\n",
       "      <td>0.000142</td>\n",
       "      <td>0.000134</td>\n",
       "      <td>0.000253</td>\n",
       "      <td>0.000340</td>\n",
       "      <td>0.000187</td>\n",
       "    </tr>\n",
       "    <tr>\n",
       "      <th>AMZN</th>\n",
       "      <td>0.000203</td>\n",
       "      <td>0.000154</td>\n",
       "      <td>0.000165</td>\n",
       "      <td>0.000196</td>\n",
       "      <td>0.000294</td>\n",
       "      <td>0.000165</td>\n",
       "      <td>0.000221</td>\n",
       "      <td>0.000227</td>\n",
       "      <td>0.000502</td>\n",
       "      <td>0.000104</td>\n",
       "      <td>0.000100</td>\n",
       "      <td>0.000148</td>\n",
       "      <td>0.000114</td>\n",
       "      <td>0.000104</td>\n",
       "      <td>0.000145</td>\n",
       "      <td>0.000196</td>\n",
       "      <td>0.000090</td>\n",
       "    </tr>\n",
       "    <tr>\n",
       "      <th>GOOG</th>\n",
       "      <td>0.000167</td>\n",
       "      <td>0.000144</td>\n",
       "      <td>0.000161</td>\n",
       "      <td>0.000169</td>\n",
       "      <td>0.000165</td>\n",
       "      <td>0.000214</td>\n",
       "      <td>0.000168</td>\n",
       "      <td>0.000208</td>\n",
       "      <td>0.000420</td>\n",
       "      <td>0.000106</td>\n",
       "      <td>0.000107</td>\n",
       "      <td>0.000128</td>\n",
       "      <td>0.000122</td>\n",
       "      <td>0.000107</td>\n",
       "      <td>0.000135</td>\n",
       "      <td>0.000190</td>\n",
       "      <td>0.000088</td>\n",
       "    </tr>\n",
       "    <tr>\n",
       "      <th>NFLX</th>\n",
       "      <td>0.000248</td>\n",
       "      <td>0.000157</td>\n",
       "      <td>0.000164</td>\n",
       "      <td>0.000249</td>\n",
       "      <td>0.000221</td>\n",
       "      <td>0.000168</td>\n",
       "      <td>0.000587</td>\n",
       "      <td>0.000258</td>\n",
       "      <td>0.000663</td>\n",
       "      <td>0.000110</td>\n",
       "      <td>0.000114</td>\n",
       "      <td>0.000192</td>\n",
       "      <td>0.000118</td>\n",
       "      <td>0.000111</td>\n",
       "      <td>0.000171</td>\n",
       "      <td>0.000227</td>\n",
       "      <td>0.000113</td>\n",
       "    </tr>\n",
       "    <tr>\n",
       "      <th>NVDA</th>\n",
       "      <td>0.000314</td>\n",
       "      <td>0.000225</td>\n",
       "      <td>0.000229</td>\n",
       "      <td>0.000315</td>\n",
       "      <td>0.000227</td>\n",
       "      <td>0.000208</td>\n",
       "      <td>0.000258</td>\n",
       "      <td>0.000618</td>\n",
       "      <td>0.000617</td>\n",
       "      <td>0.000157</td>\n",
       "      <td>0.000174</td>\n",
       "      <td>0.000214</td>\n",
       "      <td>0.000175</td>\n",
       "      <td>0.000159</td>\n",
       "      <td>0.000247</td>\n",
       "      <td>0.000333</td>\n",
       "      <td>0.000172</td>\n",
       "    </tr>\n",
       "    <tr>\n",
       "      <th>FB</th>\n",
       "      <td>0.000450</td>\n",
       "      <td>0.000334</td>\n",
       "      <td>0.000349</td>\n",
       "      <td>0.000675</td>\n",
       "      <td>0.000502</td>\n",
       "      <td>0.000420</td>\n",
       "      <td>0.000663</td>\n",
       "      <td>0.000617</td>\n",
       "      <td>0.001158</td>\n",
       "      <td>0.000256</td>\n",
       "      <td>0.000278</td>\n",
       "      <td>0.000491</td>\n",
       "      <td>0.000227</td>\n",
       "      <td>0.000255</td>\n",
       "      <td>0.000411</td>\n",
       "      <td>0.000463</td>\n",
       "      <td>0.000362</td>\n",
       "    </tr>\n",
       "    <tr>\n",
       "      <th>SPY</th>\n",
       "      <td>0.000135</td>\n",
       "      <td>0.000115</td>\n",
       "      <td>0.000115</td>\n",
       "      <td>0.000133</td>\n",
       "      <td>0.000104</td>\n",
       "      <td>0.000106</td>\n",
       "      <td>0.000110</td>\n",
       "      <td>0.000157</td>\n",
       "      <td>0.000256</td>\n",
       "      <td>0.000094</td>\n",
       "      <td>0.000104</td>\n",
       "      <td>0.000091</td>\n",
       "      <td>0.000105</td>\n",
       "      <td>0.000096</td>\n",
       "      <td>0.000111</td>\n",
       "      <td>0.000156</td>\n",
       "      <td>0.000076</td>\n",
       "    </tr>\n",
       "    <tr>\n",
       "      <th>IWM</th>\n",
       "      <td>0.000162</td>\n",
       "      <td>0.000114</td>\n",
       "      <td>0.000112</td>\n",
       "      <td>0.000174</td>\n",
       "      <td>0.000100</td>\n",
       "      <td>0.000107</td>\n",
       "      <td>0.000114</td>\n",
       "      <td>0.000174</td>\n",
       "      <td>0.000278</td>\n",
       "      <td>0.000104</td>\n",
       "      <td>0.000145</td>\n",
       "      <td>0.000107</td>\n",
       "      <td>0.000111</td>\n",
       "      <td>0.000105</td>\n",
       "      <td>0.000142</td>\n",
       "      <td>0.000187</td>\n",
       "      <td>0.000096</td>\n",
       "    </tr>\n",
       "    <tr>\n",
       "      <th>BABA</th>\n",
       "      <td>0.000203</td>\n",
       "      <td>0.000129</td>\n",
       "      <td>0.000126</td>\n",
       "      <td>0.000227</td>\n",
       "      <td>0.000148</td>\n",
       "      <td>0.000128</td>\n",
       "      <td>0.000192</td>\n",
       "      <td>0.000214</td>\n",
       "      <td>0.000491</td>\n",
       "      <td>0.000091</td>\n",
       "      <td>0.000107</td>\n",
       "      <td>0.000459</td>\n",
       "      <td>0.000110</td>\n",
       "      <td>0.000092</td>\n",
       "      <td>0.000170</td>\n",
       "      <td>0.000196</td>\n",
       "      <td>0.000088</td>\n",
       "    </tr>\n",
       "    <tr>\n",
       "      <th>V</th>\n",
       "      <td>0.000145</td>\n",
       "      <td>0.000125</td>\n",
       "      <td>0.000133</td>\n",
       "      <td>0.000142</td>\n",
       "      <td>0.000114</td>\n",
       "      <td>0.000122</td>\n",
       "      <td>0.000118</td>\n",
       "      <td>0.000175</td>\n",
       "      <td>0.000227</td>\n",
       "      <td>0.000105</td>\n",
       "      <td>0.000111</td>\n",
       "      <td>0.000110</td>\n",
       "      <td>0.000185</td>\n",
       "      <td>0.000106</td>\n",
       "      <td>0.000120</td>\n",
       "      <td>0.000167</td>\n",
       "      <td>0.000074</td>\n",
       "    </tr>\n",
       "    <tr>\n",
       "      <th>VOO</th>\n",
       "      <td>0.000136</td>\n",
       "      <td>0.000116</td>\n",
       "      <td>0.000117</td>\n",
       "      <td>0.000134</td>\n",
       "      <td>0.000104</td>\n",
       "      <td>0.000107</td>\n",
       "      <td>0.000111</td>\n",
       "      <td>0.000159</td>\n",
       "      <td>0.000255</td>\n",
       "      <td>0.000096</td>\n",
       "      <td>0.000105</td>\n",
       "      <td>0.000092</td>\n",
       "      <td>0.000106</td>\n",
       "      <td>0.000097</td>\n",
       "      <td>0.000112</td>\n",
       "      <td>0.000158</td>\n",
       "      <td>0.000076</td>\n",
       "    </tr>\n",
       "    <tr>\n",
       "      <th>ARKQ</th>\n",
       "      <td>0.000283</td>\n",
       "      <td>0.000145</td>\n",
       "      <td>0.000138</td>\n",
       "      <td>0.000253</td>\n",
       "      <td>0.000145</td>\n",
       "      <td>0.000135</td>\n",
       "      <td>0.000171</td>\n",
       "      <td>0.000247</td>\n",
       "      <td>0.000411</td>\n",
       "      <td>0.000111</td>\n",
       "      <td>0.000142</td>\n",
       "      <td>0.000170</td>\n",
       "      <td>0.000120</td>\n",
       "      <td>0.000112</td>\n",
       "      <td>0.000212</td>\n",
       "      <td>0.000246</td>\n",
       "      <td>0.000127</td>\n",
       "    </tr>\n",
       "    <tr>\n",
       "      <th>ETH-USD</th>\n",
       "      <td>0.000293</td>\n",
       "      <td>0.000203</td>\n",
       "      <td>0.000207</td>\n",
       "      <td>0.000340</td>\n",
       "      <td>0.000196</td>\n",
       "      <td>0.000190</td>\n",
       "      <td>0.000227</td>\n",
       "      <td>0.000333</td>\n",
       "      <td>0.000463</td>\n",
       "      <td>0.000156</td>\n",
       "      <td>0.000187</td>\n",
       "      <td>0.000196</td>\n",
       "      <td>0.000167</td>\n",
       "      <td>0.000158</td>\n",
       "      <td>0.000246</td>\n",
       "      <td>0.002652</td>\n",
       "      <td>0.001641</td>\n",
       "    </tr>\n",
       "    <tr>\n",
       "      <th>BTC-USD</th>\n",
       "      <td>0.000158</td>\n",
       "      <td>0.000096</td>\n",
       "      <td>0.000101</td>\n",
       "      <td>0.000187</td>\n",
       "      <td>0.000090</td>\n",
       "      <td>0.000088</td>\n",
       "      <td>0.000113</td>\n",
       "      <td>0.000172</td>\n",
       "      <td>0.000362</td>\n",
       "      <td>0.000076</td>\n",
       "      <td>0.000096</td>\n",
       "      <td>0.000088</td>\n",
       "      <td>0.000074</td>\n",
       "      <td>0.000076</td>\n",
       "      <td>0.000127</td>\n",
       "      <td>0.001641</td>\n",
       "      <td>0.001517</td>\n",
       "    </tr>\n",
       "  </tbody>\n",
       "</table>\n",
       "</div>"
      ],
      "text/plain": [
       "Symbols      TSLA      AAPL      MSFT      ARKK      AMZN      GOOG      NFLX  \\\n",
       "Symbols                                                                         \n",
       "TSLA     0.000864  0.000198  0.000186  0.000349  0.000203  0.000167  0.000248   \n",
       "AAPL     0.000198  0.000242  0.000161  0.000180  0.000154  0.000144  0.000157   \n",
       "MSFT     0.000186  0.000161  0.000214  0.000177  0.000165  0.000161  0.000164   \n",
       "ARKK     0.000349  0.000180  0.000177  0.000381  0.000196  0.000169  0.000249   \n",
       "AMZN     0.000203  0.000154  0.000165  0.000196  0.000294  0.000165  0.000221   \n",
       "GOOG     0.000167  0.000144  0.000161  0.000169  0.000165  0.000214  0.000168   \n",
       "NFLX     0.000248  0.000157  0.000164  0.000249  0.000221  0.000168  0.000587   \n",
       "NVDA     0.000314  0.000225  0.000229  0.000315  0.000227  0.000208  0.000258   \n",
       "FB       0.000450  0.000334  0.000349  0.000675  0.000502  0.000420  0.000663   \n",
       "SPY      0.000135  0.000115  0.000115  0.000133  0.000104  0.000106  0.000110   \n",
       "IWM      0.000162  0.000114  0.000112  0.000174  0.000100  0.000107  0.000114   \n",
       "BABA     0.000203  0.000129  0.000126  0.000227  0.000148  0.000128  0.000192   \n",
       "V        0.000145  0.000125  0.000133  0.000142  0.000114  0.000122  0.000118   \n",
       "VOO      0.000136  0.000116  0.000117  0.000134  0.000104  0.000107  0.000111   \n",
       "ARKQ     0.000283  0.000145  0.000138  0.000253  0.000145  0.000135  0.000171   \n",
       "ETH-USD  0.000293  0.000203  0.000207  0.000340  0.000196  0.000190  0.000227   \n",
       "BTC-USD  0.000158  0.000096  0.000101  0.000187  0.000090  0.000088  0.000113   \n",
       "\n",
       "Symbols      NVDA        FB       SPY       IWM      BABA         V       VOO  \\\n",
       "Symbols                                                                         \n",
       "TSLA     0.000314  0.000450  0.000135  0.000162  0.000203  0.000145  0.000136   \n",
       "AAPL     0.000225  0.000334  0.000115  0.000114  0.000129  0.000125  0.000116   \n",
       "MSFT     0.000229  0.000349  0.000115  0.000112  0.000126  0.000133  0.000117   \n",
       "ARKK     0.000315  0.000675  0.000133  0.000174  0.000227  0.000142  0.000134   \n",
       "AMZN     0.000227  0.000502  0.000104  0.000100  0.000148  0.000114  0.000104   \n",
       "GOOG     0.000208  0.000420  0.000106  0.000107  0.000128  0.000122  0.000107   \n",
       "NFLX     0.000258  0.000663  0.000110  0.000114  0.000192  0.000118  0.000111   \n",
       "NVDA     0.000618  0.000617  0.000157  0.000174  0.000214  0.000175  0.000159   \n",
       "FB       0.000617  0.001158  0.000256  0.000278  0.000491  0.000227  0.000255   \n",
       "SPY      0.000157  0.000256  0.000094  0.000104  0.000091  0.000105  0.000096   \n",
       "IWM      0.000174  0.000278  0.000104  0.000145  0.000107  0.000111  0.000105   \n",
       "BABA     0.000214  0.000491  0.000091  0.000107  0.000459  0.000110  0.000092   \n",
       "V        0.000175  0.000227  0.000105  0.000111  0.000110  0.000185  0.000106   \n",
       "VOO      0.000159  0.000255  0.000096  0.000105  0.000092  0.000106  0.000097   \n",
       "ARKQ     0.000247  0.000411  0.000111  0.000142  0.000170  0.000120  0.000112   \n",
       "ETH-USD  0.000333  0.000463  0.000156  0.000187  0.000196  0.000167  0.000158   \n",
       "BTC-USD  0.000172  0.000362  0.000076  0.000096  0.000088  0.000074  0.000076   \n",
       "\n",
       "Symbols      ARKQ   ETH-USD   BTC-USD  \n",
       "Symbols                                \n",
       "TSLA     0.000283  0.000293  0.000158  \n",
       "AAPL     0.000145  0.000203  0.000096  \n",
       "MSFT     0.000138  0.000207  0.000101  \n",
       "ARKK     0.000253  0.000340  0.000187  \n",
       "AMZN     0.000145  0.000196  0.000090  \n",
       "GOOG     0.000135  0.000190  0.000088  \n",
       "NFLX     0.000171  0.000227  0.000113  \n",
       "NVDA     0.000247  0.000333  0.000172  \n",
       "FB       0.000411  0.000463  0.000362  \n",
       "SPY      0.000111  0.000156  0.000076  \n",
       "IWM      0.000142  0.000187  0.000096  \n",
       "BABA     0.000170  0.000196  0.000088  \n",
       "V        0.000120  0.000167  0.000074  \n",
       "VOO      0.000112  0.000158  0.000076  \n",
       "ARKQ     0.000212  0.000246  0.000127  \n",
       "ETH-USD  0.000246  0.002652  0.001641  \n",
       "BTC-USD  0.000127  0.001641  0.001517  "
      ]
     },
     "execution_count": 617,
     "metadata": {},
     "output_type": "execute_result"
    }
   ],
   "source": [
    "# Log of percentage change\n",
    "cov_matrix = df.pct_change().apply(lambda x: np.log(1+x)).cov()\n",
    "cov_matrix"
   ]
  },
  {
   "cell_type": "markdown",
   "metadata": {},
   "source": [
    "The covariance between two stocks is the variance of that asset.\n",
    "\n",
    "The next step is to create the correlation matrix. Correlation ranges from -1 to 1.\n",
    "A correlation of -1 means negative relation, i.e, if correlation between Asset A and Asset B is -1, if Asset A increases, Asset B decreases.\n",
    "A correlation of +1 means positive relation, i.e, if correlation between Asset A and Asset B is 1, if Asset A increases, Asset B increases.\n",
    "A correlation of 0 means no relation, i.e, if correlation between Asset A and Asset B is 0, they dont have any effect on each other."
   ]
  },
  {
   "cell_type": "code",
   "execution_count": 618,
   "metadata": {},
   "outputs": [
    {
     "data": {
      "text/html": [
       "<div>\n",
       "<style scoped>\n",
       "    .dataframe tbody tr th:only-of-type {\n",
       "        vertical-align: middle;\n",
       "    }\n",
       "\n",
       "    .dataframe tbody tr th {\n",
       "        vertical-align: top;\n",
       "    }\n",
       "\n",
       "    .dataframe thead th {\n",
       "        text-align: right;\n",
       "    }\n",
       "</style>\n",
       "<table border=\"1\" class=\"dataframe\">\n",
       "  <thead>\n",
       "    <tr style=\"text-align: right;\">\n",
       "      <th>Symbols</th>\n",
       "      <th>TSLA</th>\n",
       "      <th>AAPL</th>\n",
       "      <th>MSFT</th>\n",
       "      <th>ARKK</th>\n",
       "      <th>AMZN</th>\n",
       "      <th>GOOG</th>\n",
       "      <th>NFLX</th>\n",
       "      <th>NVDA</th>\n",
       "      <th>FB</th>\n",
